&CELL
ABC [angstrom] 4.44184 4.44184 19.9093
ALPHA_BETA_GAMMA [deg] 90 90 120
PERIODIC XYZ
SYMMETRY HEXAGONAL_GAMMA_120
&END
&COORD
SCALED
Be      0.999991   0.999991   0.195067
Be      0.999991   0.999991   0.804918
Be      0.666661   0.333330   0.528395
Be      0.666661   0.333330   0.138261
Be      0.333330   0.666661   0.861724
Be      0.333330   0.666661   0.471590
B       0.999991   0.999991   0.499992
B       0.666661   0.333330   0.833321
B       0.333330   0.666661   0.166664
O       0.309497   0.999991   0.499992
O       0.999991   0.309497   0.499992
O       0.690494   0.690494   0.499992
O       0.976158   0.333330   0.833321
O       0.666661   0.642828   0.833321
O       0.642827   0.666661   0.166664
O       0.333330   0.976158   0.166664
F       0.999991   0.999991   0.271716
Cl       0.999991   0.999991   0.728269
F       0.666661   0.333330   0.605044
Cl       0.666661   0.333330   0.061612
F       0.333330   0.666661   0.938373
Cl       0.333330   0.666661   0.394941
H       0.567395   0.426896   0.354395
H       0.426896   0.567395   0.645590
H       0.140499   0.573095   0.645590
H       0.432596   0.859492   0.645590
H       0.234065   0.760227   0.687723
H       0.906425   0.807159   0.021066
H       0.760227   0.234065   0.312262
H       0.473829   0.239764   0.312262
H       0.765926   0.526162   0.312262
N       0.666661   0.333330   0.333328
N       0.333330   0.666661   0.666657
N       0.999991   0.999991   0.000000
O       1.023824   0.357163   0.166664
O       0.357163   1.023824   0.833321
H       1.093557   0.900725  -0.021066
H       1.099257   1.192823  -0.021066
H       1.192823   1.099257   0.021066
&END
