&CELL
  A 10.932327903689 0.000000000000 0.000000000000
  B 0.000000000000 10.932327903689 0.000000000000
  C 0.000000000000 0.000000000000 10.932327903689
  PERIODIC XYZ  # Apply periodic boundary conditions in all directions
&END

&COORD
SCALED
  Si   0.4404042883578789  0.4374999999999999  0.4374999999999999
  Si   0.9375000000000000  0.4374999999999999  0.4374999999999999
  Si   0.4374999999999999  0.9375000000000000  0.4374999999999999
  Si   0.9375000000000000  0.9375000000000000  0.4374999999999999
  Si   0.4374999999999999  0.4374999999999999  0.9375000000000000
  Si   0.9375000000000000  0.4374999999999999  0.9375000000000000
  Si   0.4374999999999999  0.9375000000000000  0.9375000000000000
  Si   0.9375000000000000  0.9375000000000000  0.9375000000000000
  Si   0.4374999999999999  0.1875000000000000  0.1875000000000000
  Si   0.9375000000000000  0.1875000000000000  0.1875000000000000
  Si   0.4374999999999999  0.6875000000000000  0.1875000000000000
  Si   0.9375000000000000  0.6875000000000000  0.1875000000000000
  Si   0.4374999999999999  0.1875000000000000  0.6875000000000000
  Si   0.9375000000000000  0.1875000000000000  0.6875000000000000
  Si   0.4374999999999999  0.6875000000000000  0.6875000000000000
  Si   0.9375000000000000  0.6875000000000000  0.6875000000000000
  Si   0.1875000000000000  0.4374999999999999  0.1875000000000000
  Si   0.6875000000000000  0.4374999999999999  0.1875000000000000
  Si   0.1875000000000000  0.9375000000000000  0.1875000000000000
  Si   0.6875000000000000  0.9375000000000000  0.1875000000000000
  Si   0.1875000000000000  0.4374999999999999  0.6875000000000000
  Si   0.6875000000000000  0.4374999999999999  0.6875000000000000
  Si   0.1875000000000000  0.9375000000000000  0.6875000000000000
  Si   0.6875000000000000  0.9375000000000000  0.6875000000000000
  Si   0.1875000000000000  0.1875000000000000  0.4374999999999999
  Si   0.6875000000000000  0.1875000000000000  0.4374999999999999
  Si   0.1875000000000000  0.6875000000000000  0.4374999999999999
  Si   0.6875000000000000  0.6875000000000000  0.4374999999999999
  Si   0.1875000000000000  0.1875000000000000  0.9375000000000000
  Si   0.6875000000000000  0.1875000000000000  0.9375000000000000
  Si   0.1875000000000000  0.6875000000000000  0.9375000000000000
  Si   0.6875000000000000  0.6875000000000000  0.9375000000000000
  Si   0.0625000000000000  0.0625000000000000  0.0625000000000000
  Si   0.5625000000000000  0.0625000000000000  0.0625000000000000
  Si   0.0625000000000000  0.5625000000000000  0.0625000000000000
  Si   0.5625000000000000  0.5625000000000000  0.0625000000000000
  Si   0.0625000000000000  0.0625000000000000  0.5625000000000000
  Si   0.5625000000000000  0.0625000000000000  0.5625000000000000
  Si   0.0625000000000000  0.5625000000000000  0.5625000000000000
  Si   0.5625000000000000  0.5625000000000000  0.5625000000000000
  Si   0.0625000000000000  0.3125000000000000  0.3125000000000000
  Si   0.5625000000000000  0.3125000000000000  0.3125000000000000
  Si   0.0625000000000000  0.8124999999999999  0.3125000000000000
  Si   0.5625000000000000  0.8124999999999999  0.3125000000000000
  Si   0.0625000000000000  0.3125000000000000  0.8124999999999999
  Si   0.5625000000000000  0.3125000000000000  0.8124999999999999
  Si   0.0625000000000000  0.8124999999999999  0.8124999999999999
  Si   0.5625000000000000  0.8124999999999999  0.8124999999999999
  Si   0.3125000000000000  0.0625000000000000  0.3125000000000000
  Si   0.8124999999999999  0.0625000000000000  0.3125000000000000
  Si   0.3125000000000000  0.5625000000000000  0.3125000000000000
  Si   0.8124999999999999  0.5625000000000000  0.3125000000000000
  Si   0.3125000000000000  0.0625000000000000  0.8124999999999999
  Si   0.8124999999999999  0.0625000000000000  0.8124999999999999
  Si   0.3125000000000000  0.5625000000000000  0.8124999999999999
  Si   0.8124999999999999  0.5625000000000000  0.8124999999999999
  Si   0.3125000000000000  0.3125000000000000  0.0625000000000000
  Si   0.8124999999999999  0.3125000000000000  0.0625000000000000
  Si   0.3125000000000000  0.8124999999999999  0.0625000000000000
  Si   0.8124999999999999  0.8124999999999999  0.0625000000000000
  Si   0.3125000000000000  0.3125000000000000  0.5625000000000000
  Si   0.8124999999999999  0.3125000000000000  0.5625000000000000
  Si   0.3125000000000000  0.8124999999999999  0.5625000000000000
  Si   0.8124999999999999  0.8124999999999999  0.5625000000000000
&END
